01.07.2023 18:49:58 Сортировка пузырьком
Исходная строка
 16   8   5  22   1   4  11   7  
  8   8   5  22   1   4  11   7  
  8  16   5  22   1   4  11   7  
  8   5   5  22   1   4  11   7  
  8   5  16  22   1   4  11   7  
  8   5  16   1   1   4  11   7  
  8   5  16   1  22   4  11   7  
  8   5  16   1   4   4  11   7  
  8   5  16   1   4  22  11   7  
  8   5  16   1   4  11  11   7  
  8   5  16   1   4  11  22   7  
  8   5  16   1   4  11   7   7  
  8   5  16   1   4  11   7  22  
  5   5  16   1   4  11   7  22  
  5   8  16   1   4  11   7  22  
  5   8   1   1   4  11   7  22  
  5   8   1  16   4  11   7  22  
  5   8   1   4   4  11   7  22  
  5   8   1   4  16  11   7  22  
  5   8   1   4  11  11   7  22  
  5   8   1   4  11  16   7  22  
  5   8   1   4  11   7   7  22  
  5   8   1   4  11   7  16  22  
  5   1   1   4  11   7  16  22  
  5   1   8   4  11   7  16  22  
  5   1   4   4  11   7  16  22  
  5   1   4   8  11   7  16  22  
  5   1   4   8   7   7  16  22  
  5   1   4   8   7  11  16  22  
  1   1   4   8   7  11  16  22  
  1   5   4   8   7  11  16  22  
  1   4   4   8   7  11  16  22  
  1   4   5   8   7  11  16  22  
  1   4   5   7   7  11  16  22  
  1   4   5   7   8  11  16  22  
 